step	NumberAccept	NumberReject
0	0	0
100	82	18
200	161	39
300	242	58
400	317	83
500	397	103
600	469	131
700	540	160
800	610	190
900	694	206
1000	765	235
1100	845	255
1200	923	277
1300	996	304
1400	1071	329
1500	1138	362
1600	1201	399
1700	1276	424
1800	1347	453
1900	1417	483
2000	1494	506
2100	1568	532
2200	1640	560
2300	1711	589
2400	1774	626
2500	1847	653
2600	1916	684
2700	1983	717
2800	2043	757
2900	2115	785
3000	2180	820
3100	2248	852
3200	2320	880
3300	2399	901
3400	2470	930
3500	2541	959
3600	2610	990
3700	2676	1024
3800	2743	1057
3900	2809	1091
4000	2879	1121
4100	2944	1156
4200	3012	1188
4300	3083	1217
4400	3153	1247
4500	3228	1272
4600	3298	1302
4700	3376	1324
4800	3455	1345
4900	3528	1372
5000	3604	1396
5100	3676	1424
5200	3746	1454
5300	3824	1476
5400	3896	1504
5500	3981	1519
5600	4051	1549
5700	4133	1567
5800	4210	1590
5900	4286	1614
6000	4364	1636
6100	4434	1666
6200	4511	1689
6300	4585	1715
6400	4657	1743
6500	4729	1771
6600	4796	1804
6700	4881	1819
6800	4952	1848
6900	5019	1881
7000	5089	1911
7100	5162	1938
7200	5233	1967
7300	5302	1998
7400	5379	2021
7500	5440	2060
7600	5514	2086
7700	5588	2112
7800	5662	2138
7900	5728	2172
8000	5801	2199
8100	5870	2230
8200	5946	2254
8300	6016	2284
8400	6089	2311
8500	6166	2334
8600	6237	2363
8700	6303	2397
8800	6365	2435
8900	6436	2464
9000	6511	2489
9100	6589	2511
9200	6662	2538
9300	6728	2572
9400	6797	2603
9500	6866	2634
9600	6939	2661
9700	7000	2700
9800	7070	2730
9900	7137	2763
10000	7208	2792
10100	7279	2821
10200	7349	2851
10300	7412	2888
10400	7484	2916
10500	7562	2938
10600	7630	2970
10700	7703	2997
10800	7777	3023
10900	7846	3054
11000	7914	3086
11100	7984	3116
11200	8049	3151
11300	8115	3185
11400	8183	3217
11500	8259	3241
11600	8317	3283
11700	8391	3309
11800	8455	3345
11900	8537	3363
12000	8609	3391
12100	8682	3418
12200	8751	3449
12300	8820	3480
12400	8902	3498
12500	8976	3524
12600	9057	3543
12700	9125	3575
12800	9193	3607
12900	9268	3632
13000	9343	3657
13100	9413	3687
13200	9493	3707
13300	9571	3729
13400	9641	3759
13500	9711	3789
13600	9785	3815
13700	9853	3847
13800	9928	3872
13900	10004	3896
14000	10081	3919
14100	10159	3941
14200	10238	3962
14300	10310	3990
14400	10383	4017
14500	10450	4050
14600	10521	4079
14700	10599	4101
14800	10669	4131
14900	10736	4164
15000	10800	4200
15100	10875	4225
15200	10948	4252
15300	11018	4282
15400	11094	4306
15500	11173	4327
15600	11236	4364
15700	11308	4392
15800	11386	4414
15900	11464	4436
16000	11542	4458
16100	11618	4482
16200	11693	4507
16300	11762	4538
16400	11829	4571
16500	11901	4599
16600	11980	4620
16700	12052	4648
16800	12127	4673
16900	12197	4703
17000	12263	4737
17100	12335	4765
17200	12407	4793
17300	12481	4819
17400	12555	4845
17500	12625	4875
17600	12695	4905
17700	12775	4925
17800	12854	4946
17900	12930	4970
18000	13009	4991
18100	13081	5019
18200	13163	5037
18300	13231	5069
18400	13298	5102
18500	13375	5125
18600	13448	5152
18700	13523	5177
18800	13601	5199
18900	13670	5230
19000	13742	5258
19100	13818	5282
19200	13889	5311
19300	13963	5337
19400	14034	5366
19500	14105	5395
19600	14178	5422
19700	14245	5455
19800	14324	5476
19900	14400	5500
20000	14473	5527
20100	14548	5552
20200	14623	5577
20300	14684	5616
20400	14754	5646
20500	14824	5676
20600	14901	5699
20700	14974	5726
20800	15044	5756
20900	15108	5792
21000	15176	5824
21100	15250	5850
21200	15322	5878
21300	15388	5912
21400	15450	5950
21500	15521	5979
21600	15596	6004
21700	15662	6038
21800	15731	6069
21900	15792	6108
22000	15860	6140
22100	15930	6170
22200	16001	6199
22300	16075	6225
22400	16141	6259
22500	16208	6292
22600	16284	6316
22700	16356	6344
22800	16422	6378
22900	16494	6406
23000	16572	6428
23100	16649	6451
23200	16719	6481
23300	16791	6509
23400	16864	6536
23500	16937	6563
23600	17021	6579
23700	17090	6610
23800	17157	6643
23900	17229	6671
24000	17299	6701
24100	17373	6727
24200	17446	6754
24300	17510	6790
24400	17582	6818
24500	17652	6848
24600	17731	6869
24700	17804	6896
24800	17883	6917
24900	17961	6939
25000	18037	6963
25100	18115	6985
25200	18190	7010
25300	18267	7033
25400	18344	7056
25500	18416	7084
25600	18490	7110
25700	18554	7146
25800	18627	7173
25900	18701	7199
26000	18775	7225
26100	18855	7245
26200	18922	7278
26300	18993	7307
26400	19064	7336
26500	19133	7367
26600	19208	7392
26700	19273	7427
26800	19338	7462
26900	19410	7490
27000	19479	7521
27100	19552	7548
27200	19626	7574
27300	19696	7604
27400	19770	7630
27500	19843	7657
27600	19903	7697
27700	19975	7725
27800	20042	7758
27900	20113	7787
28000	20185	7815
28100	20258	7842
28200	20326	7874
28300	20392	7908
28400	20457	7943
28500	20529	7971
28600	20609	7991
28700	20686	8014
28800	20757	8043
28900	20824	8076
29000	20896	8104
29100	20968	8132
29200	21041	8159
29300	21115	8185
29400	21185	8215
29500	21256	8244
29600	21325	8275
29700	21394	8306
29800	21460	8340
29900	21538	8362
30000	21608	8392
30100	21685	8415
30200	21758	8442
30300	21832	8468
30400	21904	8496
30500	21976	8524
30600	22050	8550
30700	22117	8583
30800	22187	8613
30900	22261	8639
31000	22335	8665
31100	22406	8694
31200	22489	8711
31300	22568	8732
31400	22644	8756
31500	22719	8781
31600	22791	8809
31700	22867	8833
31800	22947	8853
31900	23018	8882
32000	23090	8910
32100	23155	8945
32200	23229	8971
32300	23308	8992
32400	23379	9021
32500	23449	9051
32600	23522	9078
32700	23592	9108
32800	23665	9135
32900	23727	9173
33000	23795	9205
33100	23862	9238
33200	23939	9261
33300	24007	9293
33400	24076	9324
33500	24155	9345
33600	24228	9372
33700	24303	9397
33800	24377	9423
33900	24451	9449
34000	24523	9477
34100	24592	9508
34200	24663	9537
34300	24725	9575
34400	24797	9603
34500	24872	9628
34600	24938	9662
34700	25010	9690
34800	25086	9714
34900	25159	9741
35000	25236	9764
35100	25307	9793
35200	25389	9811
35300	25465	9835
35400	25540	9860
35500	25605	9895
35600	25679	9921
35700	25746	9954
35800	25823	9977
35900	25899	10001
36000	25966	10034
36100	26041	10059
36200	26107	10093
36300	26174	10126
36400	26244	10156
36500	26325	10175
36600	26398	10202
36700	26470	10230
36800	26543	10257
36900	26618	10282
37000	26691	10309
37100	26760	10340
37200	26831	10369
37300	26905	10395
37400	26981	10419
37500	27051	10449
37600	27119	10481
37700	27187	10513
37800	27256	10544
37900	27335	10565
38000	27406	10594
38100	27476	10624
38200	27552	10648
38300	27619	10681
38400	27693	10707
38500	27772	10728
38600	27844	10756
38700	27907	10793
38800	27973	10827
38900	28052	10848
39000	28125	10875
39100	28195	10905
39200	28258	10942
39300	28324	10976
39400	28400	11000
39500	28464	11036
39600	28526	11074
39700	28603	11097
39800	28676	11124
39900	28743	11157
40000	28814	11186
40100	28882	11218
40200	28958	11242
40300	29028	11272
40400	29104	11296
40500	29179	11321
40600	29251	11349
40700	29325	11375
40800	29405	11395
40900	29478	11422
41000	29547	11453
41100	29622	11478
41200	29693	11507
41300	29767	11533
41400	29844	11556
41500	29914	11586
41600	29994	11606
41700	30065	11635
41800	30144	11656
41900	30213	11687
42000	30289	11711
42100	30361	11739
42200	30431	11769
42300	30512	11788
42400	30590	11810
42500	30657	11843
42600	30727	11873
42700	30805	11895
42800	30882	11918
42900	30953	11947
43000	31028	11972
43100	31102	11998
43200	31175	12025
43300	31256	12044
43400	31329	12071
43500	31394	12106
43600	31475	12125
43700	31543	12157
43800	31619	12181
43900	31688	12212
44000	31766	12234
44100	31835	12265
44200	31906	12294
44300	31979	12321
44400	32055	12345
44500	32124	12376
44600	32195	12405
44700	32272	12428
44800	32342	12458
44900	32422	12478
45000	32502	12498
45100	32571	12529
45200	32636	12564
45300	32708	12592
45400	32785	12615
45500	32854	12646
45600	32926	12674
45700	33001	12699
45800	33070	12730
45900	33144	12756
46000	33216	12784
46100	33288	12812
46200	33358	12842
46300	33428	12872
46400	33493	12907
46500	33567	12933
46600	33637	12963
46700	33704	12996
46800	33771	13029
46900	33842	13058
47000	33914	13086
47100	33994	13106
47200	34072	13128
47300	34145	13155
47400	34211	13189
47500	34284	13216
47600	34359	13241
47700	34430	13270
47800	34508	13292
47900	34577	13323
48000	34659	13341
48100	34736	13364
48200	34815	13385
48300	34887	13413
48400	34955	13445
48500	35031	13469
48600	35104	13496
48700	35178	13522
48800	35256	13544
48900	35327	13573
49000	35403	13597
49100	35467	13633
49200	35541	13659
49300	35616	13684
49400	35686	13714
49500	35763	13737
49600	35835	13765
49700	35905	13795
49800	35981	13819
49900	36048	13852
50000	36121	13879
50100	36189	13911
50200	36258	13942
50300	36336	13964
50400	36409	13991
50500	36481	14019
50600	36558	14042
50700	36637	14063
50800	36706	14094
50900	36778	14122
51000	36849	14151
51100	36913	14187
51200	36978	14222
51300	37049	14251
51400	37117	14283
51500	37182	14318
51600	37252	14348
51700	37314	14386
51800	37384	14416
51900	37454	14446
52000	37523	14477
52100	37596	14504
52200	37660	14540
52300	37727	14573
52400	37797	14603
52500	37865	14635
52600	37936	14664
52700	38012	14688
52800	38079	14721
52900	38147	14753
53000	38221	14779
53100	38289	14811
53200	38359	14841
53300	38429	14871
53400	38500	14900
53500	38571	14929
53600	38648	14952
53700	38724	14976
53800	38799	15001
53900	38866	15034
54000	38938	15062
54100	39005	15095
54200	39073	15127
54300	39145	15155
54400	39208	15192
54500	39277	15223
54600	39340	15260
54700	39418	15282
54800	39489	15311
54900	39557	15343
55000	39622	15378
55100	39679	15421
55200	39744	15456
55300	39816	15484
55400	39889	15511
55500	39959	15541
55600	40028	15572
55700	40100	15600
55800	40170	15630
55900	40249	15651
56000	40320	15680
56100	40395	15705
56200	40464	15736
56300	40532	15768
56400	40602	15798
56500	40683	15817
56600	40755	15845
56700	40820	15880
56800	40901	15899
56900	40969	15931
57000	41041	15959
57100	41110	15990
57200	41180	16020
57300	41247	16053
57400	41313	16087
57500	41389	16111
57600	41457	16143
57700	41526	16174
57800	41584	16216
57900	41656	16244
58000	41724	16276
58100	41799	16301
58200	41866	16334
58300	41940	16360
58400	42016	16384
58500	42081	16419
58600	42154	16446
58700	42229	16471
58800	42311	16489
58900	42390	16510
59000	42465	16535
59100	42536	16564
59200	42598	16602
59300	42675	16625
59400	42751	16649
59500	42821	16679
59600	42893	16707
59700	42970	16730
59800	43042	16758
59900	43118	16782
60000	43177	16823
60100	43255	16845
60200	43326	16874
60300	43388	16912
60400	43461	16939
60500	43532	16968
60600	43597	17003
60700	43664	17036
60800	43728	17072
60900	43789	17111
61000	43861	17139
61100	43936	17164
61200	44014	17186
61300	44090	17210
61400	44160	17240
61500	44234	17266
61600	44301	17299
61700	44368	17332
61800	44439	17361
61900	44507	17393
62000	44572	17428
62100	44639	17461
62200	44710	17490
62300	44778	17522
62400	44846	17554
62500	44914	17586
62600	44987	17613
62700	45056	17644
62800	45131	17669
62900	45212	17688
63000	45286	17714
63100	45362	17738
63200	45428	17772
63300	45495	17805
63400	45573	17827
63500	45648	17852
63600	45718	17882
63700	45785	17915
63800	45863	17937
63900	45937	17963
64000	46007	17993
64100	46069	18031
64200	46144	18056
64300	46216	18084
64400	46278	18122
64500	46350	18150
64600	46418	18182
64700	46487	18213
64800	46564	18236
64900	46640	18260
65000	46701	18299
65100	46774	18326
65200	46847	18353
65300	46923	18377
65400	46997	18403
65500	47066	18434
65600	47136	18464
65700	47204	18496
65800	47271	18529
65900	47336	18564
66000	47409	18591
66100	47479	18621
66200	47551	18649
66300	47623	18677
66400	47697	18703
66500	47772	18728
66600	47844	18756
66700	47913	18787
66800	47979	18821
66900	48050	18850
67000	48130	18870
67100	48195	18905
67200	48267	18933
67300	48337	18963
67400	48406	18994
67500	48475	19025
67600	48544	19056
67700	48614	19086
67800	48687	19113
67900	48757	19143
68000	48823	19177
68100	48887	19213
68200	48954	19246
68300	49021	19279
68400	49092	19308
68500	49163	19337
68600	49231	19369
68700	49296	19404
68800	49369	19431
68900	49447	19453
69000	49526	19474
69100	49587	19513
69200	49652	19548
69300	49727	19573
69400	49804	19596
69500	49878	19622
69600	49954	19646
69700	50025	19675
69800	50099	19701
69900	50179	19721
70000	50246	19754
70100	50318	19782
70200	50395	19805
70300	50467	19833
70400	50543	19857
70500	50618	19882
70600	50690	19910
70700	50767	19933
70800	50849	19951
70900	50928	19972
71000	51001	19999
71100	51076	20024
71200	51149	20051
71300	51224	20076
71400	51296	20104
71500	51369	20131
71600	51447	20153
71700	51519	20181
71800	51598	20202
71900	51672	20228
72000	51749	20251
72100	51822	20278
72200	51896	20304
72300	51970	20330
72400	52050	20350
72500	52122	20378
72600	52190	20410
72700	52256	20444
72800	52326	20474
72900	52386	20514
73000	52457	20543
73100	52520	20580
73200	52591	20609
73300	52659	20641
73400	52732	20668
73500	52807	20693
73600	52873	20727
73700	52936	20764
73800	53002	20798
73900	53074	20826
74000	53143	20857
74100	53210	20890
74200	53283	20917
74300	53345	20955
74400	53423	20977
74500	53497	21003
74600	53571	21029
74700	53640	21060
74800	53717	21083
74900	53790	21110
75000	53856	21144
75100	53923	21177
75200	53991	21209
75300	54061	21239
75400	54136	21264
75500	54212	21288
75600	54281	21319
75700	54352	21348
75800	54423	21377
75900	54489	21411
76000	54562	21438
76100	54638	21462
76200	54707	21493
76300	54780	21520
76400	54859	21541
76500	54942	21558
76600	55019	21581
76700	55090	21610
76800	55168	21632
76900	55238	21662
77000	55310	21690
77100	55385	21715
77200	55451	21749
77300	55533	21767
77400	55607	21793
77500	55683	21817
77600	55758	21842
77700	55827	21873
77800	55902	21898
77900	55970	21930
78000	56042	21958
78100	56119	21981
78200	56191	22009
78300	56259	22041
78400	56338	22062
78500	56408	22092
78600	56483	22117
78700	56560	22140
78800	56626	22174
78900	56700	22200
79000	56772	22228
79100	56846	22254
79200	56924	22276
79300	56993	22307
79400	57067	22333
79500	57142	22358
79600	57215	22385
79700	57281	22419
79800	57353	22447
79900	57430	22470
80000	57510	22490
80100	57580	22520
80200	57661	22539
80300	57732	22568
80400	57799	22601
80500	57868	22632
80600	57947	22653
80700	58015	22685
80800	58093	22707
80900	58166	22734
81000	58237	22763
81100	58297	22803
81200	58370	22830
81300	58444	22856
81400	58522	22878
81500	58590	22910
81600	58657	22943
81700	58729	22971
81800	58799	23001
81900	58873	23027
82000	58939	23061
82100	59006	23094
82200	59081	23119
82300	59137	23163
82400	59210	23190
82500	59279	23221
82600	59349	23251
82700	59426	23274
82800	59496	23304
82900	59565	23335
83000	59641	23359
83100	59721	23379
83200	59790	23410
83300	59855	23445
83400	59922	23478
83500	59996	23504
83600	60064	23536
83700	60137	23563
83800	60213	23587
83900	60291	23609
84000	60360	23640
84100	60425	23675
84200	60500	23700
84300	60574	23726
84400	60650	23750
84500	60724	23776
84600	60791	23809
84700	60854	23846
84800	60929	23871
84900	61001	23899
85000	61075	23925
85100	61143	23957
85200	61213	23987
85300	61285	24015
85400	61362	24038
85500	61438	24062
85600	61507	24093
85700	61575	24125
85800	61632	24168
85900	61707	24193
86000	61778	24222
86100	61855	24245
86200	61929	24271
86300	61999	24301
86400	62068	24332
86500	62140	24360
86600	62220	24380
86700	62290	24410
86800	62368	24432
86900	62440	24460
87000	62495	24505
87100	62574	24526
87200	62640	24560
87300	62713	24587
87400	62778	24622
87500	62842	24658
87600	62909	24691
87700	62974	24726
87800	63047	24753
87900	63106	24794
88000	63183	24817
88100	63254	24846
88200	63315	24885
88300	63375	24925
88400	63444	24956
88500	63522	24978
88600	63591	25009
88700	63673	25027
88800	63742	25058
88900	63813	25087
89000	63887	25113
89100	63955	25145
89200	64028	25172
89300	64102	25198
89400	64172	25228
89500	64248	25252
89600	64324	25276
89700	64392	25308
89800	64449	25351
89900	64524	25376
90000	64597	25403
90100	64671	25429
90200	64745	25455
90300	64825	25475
90400	64897	25503
90500	64974	25526
90600	65041	25559
90700	65109	25591
90800	65172	25628
90900	65239	25661
91000	65317	25683
91100	65392	25708
91200	65467	25733
91300	65533	25767
91400	65605	25795
91500	65672	25828
91600	65739	25861
91700	65813	25887
91800	65884	25916
91900	65953	25947
92000	66026	25974
92100	66104	25996
92200	66180	26020
92300	66250	26050
92400	66323	26077
92500	66396	26104
92600	66465	26135
92700	66533	26167
92800	66605	26195
92900	66671	26229
93000	66745	26255
93100	66808	26292
93200	66883	26317
93300	66957	26343
93400	67033	26367
93500	67104	26396
93600	67173	26427
93700	67248	26452
93800	67325	26475
93900	67399	26501
94000	67470	26530
94100	67537	26563
94200	67606	26594
94300	67683	26617
94400	67750	26650
94500	67825	26675
94600	67894	26706
94700	67971	26729
94800	68042	26758
94900	68113	26787
95000	68172	26828
95100	68241	26859
95200	68311	26889
95300	68387	26913
95400	68448	26952
95500	68522	26978
95600	68596	27004
95700	68664	27036
95800	68730	27070
95900	68812	27088
96000	68886	27114
96100	68965	27135
96200	69035	27165
96300	69105	27195
96400	69178	27222
96500	69251	27249
96600	69320	27280
96700	69386	27314
96800	69454	27346
96900	69537	27363
97000	69601	27399
97100	69680	27420
97200	69750	27450
97300	69823	27477
97400	69896	27504
97500	69975	27525
97600	70053	27547
97700	70116	27584
97800	70193	27607
97900	70266	27634
98000	70348	27652
98100	70418	27682
98200	70500	27700
98300	70562	27738
98400	70641	27759
98500	70711	27789
98600	70783	27817
98700	70859	27841
98800	70934	27866
98900	71006	27894
99000	71077	27923
99100	71140	27960
99200	71211	27989
99300	71276	28024
99400	71348	28052
99500	71416	28084
99600	71492	28108
99700	71569	28131
99800	71640	28160
99900	71706	28194
100000	71779	28221
100100	71854	28246
100200	71925	28275
100300	71996	28304
100400	72074	28326
100500	72156	28344
100600	72229	28371
100700	72298	28402
100800	72372	28428
100900	72438	28462
101000	72520	28480
101100	72596	28504
101200	72676	28524
101300	72757	28543
101400	72827	28573
101500	72912	28588
101600	72992	28608
101700	73052	28648
101800	73121	28679
101900	73184	28716
102000	73255	28745
102100	73327	28773
102200	73403	28797
102300	73469	28831
102400	73544	28856
102500	73613	28887
102600	73679	28921
102700	73759	28941
102800	73840	28960
102900	73923	28977
103000	73999	29001
103100	74076	29024
103200	74153	29047
103300	74226	29074
103400	74305	29095
103500	74379	29121
103600	74458	29142
103700	74538	29162
103800	74609	29191
103900	74679	29221
104000	74741	29259
104100	74813	29287
104200	74873	29327
104300	74947	29353
104400	75009	29391
104500	75087	29413
104600	75154	29446
104700	75220	29480
104800	75284	29516
104900	75355	29545
105000	75428	29572
105100	75501	29599
105200	75577	29623
105300	75645	29655
105400	75710	29690
105500	75778	29722
105600	75838	29762
105700	75911	29789
105800	75975	29825
105900	76052	29848
106000	76120	29880
106100	76191	29909
106200	76261	29939
106300	76332	29968
106400	76399	30001
106500	76462	30038
106600	76534	30066
106700	76611	30089
106800	76674	30126
106900	76735	30165
107000	76808	30192
107100	76879	30221
107200	76946	30254
107300	77002	30298
107400	77061	30339
107500	77139	30361
107600	77209	30391
107700	77281	30419
107800	77358	30442
107900	77427	30473
108000	77490	30510
108100	77562	30538
108200	77639	30561
108300	77710	30590
108400	77787	30613
108500	77858	30642
108600	77929	30671
108700	78000	30700
108800	78071	30729
108900	78141	30759
109000	78213	30787
109100	78281	30819
109200	78349	30851
109300	78423	30877
109400	78499	30901
109500	78573	30927
109600	78649	30951
109700	78717	30983
109800	78794	31006
109900	78873	31027
110000	78942	31058
110100	79013	31087
110200	79081	31119
110300	79157	31143
110400	79226	31174
110500	79306	31194
110600	79367	31233
110700	79434	31266
110800	79506	31294
110900	79582	31318
111000	79663	31337
111100	79740	31360
111200	79812	31388
111300	79886	31414
111400	79953	31447
111500	80029	31471
111600	80098	31502
111700	80173	31527
111800	80253	31547
111900	80321	31579
112000	80394	31606
112100	80468	31632
112200	80539	31661
112300	80607	31693
112400	80676	31724
112500	80741	31759
112600	80816	31784
112700	80887	31813
112800	80966	31834
112900	81048	31852
113000	81123	31877
113100	81201	31899
113200	81278	31922
113300	81356	31944
113400	81432	31968
113500	81510	31990
113600	81586	32014
113700	81656	32044
113800	81727	32073
113900	81798	32102
114000	81872	32128
114100	81945	32155
114200	82015	32185
114300	82087	32213
114400	82156	32244
114500	82233	32267
114600	82308	32292
114700	82387	32313
114800	82461	32339
114900	82535	32365
115000	82611	32389
115100	82690	32410
115200	82761	32439
115300	82841	32459
115400	82910	32490
115500	82984	32516
115600	83055	32545
115700	83120	32580
115800	83190	32610
115900	83261	32639
116000	83330	32670
116100	83395	32705
116200	83463	32737
116300	83531	32769
116400	83603	32797
116500	83680	32820
116600	83757	32843
116700	83839	32861
116800	83914	32886
116900	83979	32921
117000	84054	32946
117100	84128	32972
117200	84201	32999
117300	84274	33026
117400	84355	33045
117500	84434	33066
117600	84510	33090
117700	84586	33114
117800	84655	33145
117900	84722	33178
118000	84799	33201
118100	84863	33237
118200	84940	33260
118300	85017	33283
118400	85091	33309
118500	85167	33333
118600	85249	33351
118700	85327	33373
118800	85400	33400
118900	85483	33417
119000	85551	33449
119100	85626	33474
119200	85709	33491
119300	85788	33512
119400	85860	33540
119500	85934	33566
119600	86003	33597
119700	86081	33619
119800	86156	33644
119900	86234	33666
120000	86301	33699
120100	86378	33722
120200	86456	33744
120300	86537	33763
120400	86605	33795
120500	86678	33822
120600	86746	33854
120700	86823	33877
120800	86898	33902
120900	86971	33929
121000	87043	33957
121100	87114	33986
121200	87186	34014
121300	87254	34046
121400	87325	34075
121500	87402	34098
121600	87478	34122
121700	87550	34150
121800	87616	34184
121900	87687	34213
122000	87756	34244
122100	87821	34279
122200	87888	34312
122300	87950	34350
122400	88020	34380
122500	88098	34402
122600	88167	34433
122700	88233	34467
122800	88305	34495
122900	88378	34522
123000	88442	34558
123100	88512	34588
123200	88585	34615
123300	88667	34633
123400	88740	34660
123500	88810	34690
123600	88886	34714
123700	88963	34737
123800	89025	34775
123900	89096	34804
124000	89172	34828
124100	89241	34859
124200	89306	34894
124300	89378	34922
124400	89450	34950
124500	89517	34983
124600	89584	35016
124700	89656	35044
124800	89723	35077
124900	89797	35103
125000	89868	35132
125100	89930	35170
125200	89999	35201
125300	90065	35235
125400	90143	35257
125500	90219	35281
125600	90291	35309
125700	90369	35331
125800	90441	35359
125900	90512	35388
126000	90584	35416
126100	90649	35451
126200	90724	35476
126300	90796	35504
126400	90878	35522
126500	90950	35550
126600	91022	35578
126700	91084	35616
126800	91159	35641
126900	91236	35664
127000	91320	35680
127100	91388	35712
127200	91457	35743
127300	91527	35773
127400	91596	35804
127500	91670	35830
127600	91733	35867
127700	91809	35891
127800	91889	35911
127900	91960	35940
128000	92032	35968
128100	92111	35989
128200	92185	36015
128300	92268	36032
128400	92349	36051
128500	92426	36074
128600	92499	36101
128700	92587	36113
128800	92657	36143
128900	92725	36175
129000	92793	36207
129100	92857	36243
129200	92932	36268
129300	93004	36296
129400	93074	36326
129500	93147	36353
129600	93218	36382
129700	93287	36413
129800	93364	36436
129900	93436	36464
130000	93508	36492
130100	93583	36517
130200	93663	36537
130300	93737	36563
130400	93811	36589
130500	93888	36612
130600	93964	36636
130700	94032	36668
130800	94101	36699
130900	94174	36726
131000	94250	36750
131100	94314	36786
131200	94381	36819
131300	94455	36845
131400	94524	36876
131500	94599	36901
131600	94675	36925
131700	94739	36961
131800	94806	36994
131900	94876	37024
132000	94952	37048
132100	95026	37074
132200	95094	37106
132300	95175	37125
132400	95246	37154
132500	95316	37184
132600	95389	37211
132700	95468	37232
132800	95536	37264
132900	95604	37296
133000	95679	37321
133100	95750	37350
133200	95810	37390
133300	95879	37421
133400	95952	37448
133500	96021	37479
133600	96092	37508
133700	96162	37538
133800	96239	37561
133900	96310	37590
134000	96381	37619
134100	96448	37652
134200	96525	37675
134300	96603	37697
134400	96679	37721
134500	96749	37751
134600	96822	37778
134700	96890	37810
134800	96969	37831
134900	97044	37856
135000	97125	37875
135100	97196	37904
135200	97269	37931
135300	97333	37967
135400	97409	37991
135500	97477	38023
135600	97550	38050
135700	97622	38078
135800	97696	38104
135900	97757	38143
136000	97830	38170
136100	97902	38198
136200	97963	38237
136300	98027	38273
136400	98104	38296
136500	98159	38341
136600	98229	38371
136700	98298	38402
136800	98366	38434
136900	98435	38465
137000	98509	38491
137100	98580	38520
137200	98648	38552
137300	98717	38583
137400	98785	38615
137500	98860	38640
137600	98929	38671
137700	99005	38695
137800	99073	38727
137900	99148	38752
138000	99216	38784
138100	99283	38817
138200	99355	38845
138300	99425	38875
138400	99497	38903
138500	99569	38931
138600	99644	38956
138700	99710	38990
138800	99780	39020
138900	99851	39049
139000	99925	39075
139100	99998	39102
139200	100076	39124
139300	100144	39156
139400	100218	39182
139500	100291	39209
139600	100361	39239
139700	100430	39270
139800	100504	39296
139900	100570	39330
140000	100630	39370
140100	100705	39395
140200	100778	39422
140300	100848	39452
140400	100923	39477
140500	100999	39501
140600	101066	39534
140700	101143	39557
140800	101217	39583
140900	101290	39610
141000	101368	39632
141100	101443	39657
141200	101505	39695
141300	101577	39723
141400	101655	39745
141500	101725	39775
141600	101797	39803
141700	101867	39833
141800	101943	39857
141900	102019	39881
142000	102092	39908
142100	102158	39942
142200	102224	39976
142300	102288	40012
142400	102352	40048
142500	102433	40067
142600	102504	40096
142700	102576	40124
142800	102647	40153
142900	102723	40177
143000	102798	40202
143100	102873	40227
143200	102941	40259
143300	103011	40289
143400	103083	40317
143500	103156	40344
143600	103233	40367
143700	103315	40385
143800	103395	40405
143900	103467	40433
144000	103537	40463
144100	103609	40491
144200	103683	40517
144300	103759	40541
144400	103833	40567
144500	103906	40594
144600	103983	40617
144700	104052	40648
144800	104125	40675
144900	104198	40702
145000	104262	40738
145100	104332	40768
145200	104406	40794
145300	104475	40825
145400	104552	40848
145500	104628	40872
145600	104707	40893
145700	104782	40918
145800	104853	40947
145900	104929	40971
146000	105011	40989
146100	105084	41016
146200	105154	41046
146300	105226	41074
146400	105295	41105
146500	105369	41131
146600	105441	41159
146700	105511	41189
146800	105585	41215
146900	105653	41247
147000	105724	41276
147100	105801	41299
147200	105880	41320
147300	105953	41347
147400	106035	41365
147500	106116	41384
147600	106194	41406
147700	106269	41431
147800	106339	41461
147900	106413	41487
148000	106485	41515
148100	106550	41550
148200	106619	41581
148300	106693	41607
148400	106762	41638
148500	106840	41660
148600	106914	41686
148700	106979	41721
148800	107053	41747
148900	107123	41777
149000	107193	41807
149100	107258	41842
149200	107325	41875
149300	107400	41900
149400	107469	41931
149500	107538	41962
149600	107608	41992
149700	107676	42024
149800	107756	42044
149900	107819	42081
150000	107898	42102
150100	107967	42133
150200	108035	42165
150300	108110	42190
150400	108189	42211
150500	108254	42246
150600	108334	42266
150700	108408	42292
150800	108480	42320
150900	108543	42357
151000	108610	42390
151100	108675	42425
151200	108747	42453
151300	108818	42482
151400	108890	42510
151500	108960	42540
151600	109030	42570
151700	109106	42594
151800	109176	42624
151900	109248	42652
152000	109316	42684
152100	109386	42714
152200	109463	42737
152300	109539	42761
152400	109615	42785
152500	109685	42815
152600	109755	42845
152700	109824	42876
152800	109894	42906
152900	109963	42937
153000	110029	42971
153100	110096	43004
153200	110160	43040
153300	110231	43069
153400	110302	43098
153500	110382	43118
153600	110455	43145
153700	110526	43174
153800	110592	43208
153900	110664	43236
154000	110739	43261
154100	110806	43294
154200	110870	43330
154300	110949	43351
154400	111018	43382
154500	111085	43415
154600	111153	43447
154700	111227	43473
154800	111297	43503
154900	111364	43536
155000	111439	43561
155100	111501	43599
155200	111569	43631
155300	111638	43662
155400	111714	43686
155500	111780	43720
155600	111851	43749
155700	111929	43771
155800	112006	43794
155900	112075	43825
156000	112144	43856
156100	112212	43888
156200	112290	43910
156300	112364	43936
156400	112438	43962
156500	112505	43995
156600	112573	44027
156700	112648	44052
156800	112724	44076
156900	112796	44104
157000	112868	44132
157100	112944	44156
157200	113024	44176
157300	113098	44202
157400	113169	44231
157500	113244	44256
157600	113319	44281
157700	113394	44306
157800	113466	44334
157900	113548	44352
158000	113626	44374
158100	113698	44402
158200	113778	44422
158300	113851	44449
158400	113920	44480
158500	113989	44511
158600	114054	44546
158700	114121	44579
158800	114196	44604
158900	114261	44639
159000	114329	44671
159100	114392	44708
159200	114454	44746
159300	114519	44781
159400	114586	44814
159500	114657	44843
159600	114726	44874
159700	114794	44906
159800	114867	44933
159900	114935	44965
160000	115009	44991
160100	115082	45018
160200	115156	45044
160300	115228	45072
160400	115297	45103
160500	115370	45130
160600	115445	45155
160700	115518	45182
160800	115591	45209
160900	115662	45238
161000	115736	45264
161100	115813	45287
161200	115880	45320
161300	115951	45349
161400	116021	45379
161500	116081	45419
161600	116153	45447
161700	116219	45481
161800	116294	45506
161900	116369	45531
162000	116435	45565
162100	116510	45590
162200	116584	45616
162300	116665	45635
162400	116737	45663
162500	116810	45690
162600	116882	45718
162700	116957	45743
162800	117020	45780
162900	117086	45814
163000	117157	45843
163100	117233	45867
163200	117302	45898
163300	117367	45933
163400	117434	45966
163500	117503	45997
163600	117570	46030
163700	117641	46059
163800	117706	46094
163900	117782	46118
164000	117855	46145
164100	117931	46169
164200	118001	46199
164300	118075	46225
164400	118149	46251
164500	118221	46279
164600	118293	46307
164700	118366	46334
164800	118438	46362
164900	118518	46382
165000	118584	46416
165100	118653	46447
165200	118722	46478
165300	118793	46507
165400	118855	46545
165500	118927	46573
165600	118996	46604
165700	119075	46625
165800	119141	46659
165900	119213	46687
166000	119281	46719
166100	119356	46744
166200	119430	46770
166300	119498	46802
166400	119569	46831
166500	119633	46867
166600	119701	46899
166700	119772	46928
166800	119840	46960
166900	119909	46991
167000	119984	47016
167100	120064	47036
167200	120130	47070
167300	120200	47100
167400	120276	47124
167500	120356	47144
167600	120430	47170
167700	120507	47193
167800	120579	47221
167900	120655	47245
168000	120727	47273
168100	120798	47302
168200	120867	47333
168300	120942	47358
168400	121013	47387
168500	121095	47405
168600	121165	47435
168700	121234	47466
168800	121310	47490
168900	121383	47517
169000	121451	47549
169100	121518	47582
169200	121588	47612
169300	121661	47639
169400	121732	47668
169500	121801	47699
169600	121868	47732
169700	121935	47765
169800	122006	47794
169900	122077	47823
170000	122153	47847
170100	122227	47873
170200	122294	47906
170300	122355	47945
170400	122419	47981
170500	122495	48005
170600	122561	48039
170700	122624	48076
170800	122700	48100
170900	122763	48137
171000	122826	48174
171100	122910	48190
171200	122986	48214
171300	123053	48247
171400	123122	48278
171500	123199	48301
171600	123273	48327
171700	123348	48352
171800	123420	48380
171900	123488	48412
172000	123564	48436
172100	123628	48472
172200	123701	48499
172300	123768	48532
172400	123843	48557
172500	123912	48588
172600	123984	48616
172700	124060	48640
172800	124141	48659
172900	124214	48686
173000	124291	48709
173100	124357	48743
173200	124426	48774
173300	124496	48804
173400	124568	48832
173500	124639	48861
173600	124712	48888
173700	124786	48914
173800	124856	48944
173900	124930	48970
174000	125007	48993
174100	125078	49022
174200	125145	49055
174300	125219	49081
174400	125293	49107
174500	125364	49136
174600	125432	49168
174700	125506	49194
174800	125584	49216
174900	125662	49238
175000	125735	49265
175100	125816	49284
175200	125888	49312
175300	125975	49325
175400	126056	49344
175500	126136	49364
175600	126214	49386
175700	126294	49406
175800	126365	49435
175900	126443	49457
176000	126510	49490
176100	126582	49518
176200	126657	49543
176300	126722	49578
176400	126792	49608
176500	126863	49637
176600	126940	49660
176700	127002	49698
176800	127067	49733
176900	127136	49764
177000	127204	49796
177100	127275	49825
177200	127343	49857
177300	127418	49882
177400	127484	49916
177500	127554	49946
177600	127623	49977
177700	127699	50001
177800	127767	50033
177900	127836	50064
178000	127910	50090
178100	127981	50119
178200	128055	50145
178300	128127	50173
178400	128201	50199
178500	128263	50237
178600	128332	50268
178700	128406	50294
178800	128473	50327
178900	128542	50358
179000	128604	50396
179100	128676	50424
179200	128743	50457
179300	128813	50487
179400	128890	50510
179500	128966	50534
179600	129027	50573
179700	129108	50592
179800	129180	50620
179900	129251	50649
180000	129319	50681
180100	129387	50713
180200	129459	50741
180300	129539	50761
180400	129617	50783
180500	129691	50809
180600	129765	50835
180700	129836	50864
180800	129905	50895
180900	129971	50929
181000	130039	50961
181100	130117	50983
181200	130192	51008
181300	130260	51040
181400	130327	51073
181500	130401	51099
181600	130473	51127
181700	130550	51150
181800	130626	51174
181900	130704	51196
182000	130773	51227
182100	130851	51249
182200	130919	51281
182300	130993	51307
182400	131066	51334
182500	131135	51365
182600	131212	51388
182700	131284	51416
182800	131361	51439
182900	131433	51467
183000	131509	51491
183100	131594	51506
183200	131661	51539
183300	131734	51566
183400	131805	51595
183500	131877	51623
183600	131945	51655
183700	132020	51680
183800	132092	51708
183900	132161	51739
184000	132233	51767
184100	132315	51785
184200	132384	51816
184300	132459	51841
184400	132520	51880
184500	132590	51910
184600	132656	51944
184700	132732	51968
184800	132800	52000
184900	132873	52027
185000	132948	52052
185100	133022	52078
185200	133097	52103
185300	133168	52132
185400	133246	52154
185500	133323	52177
185600	133395	52205
185700	133471	52229
185800	133539	52261
185900	133607	52293
186000	133683	52317
186100	133759	52341
186200	133831	52369
186300	133904	52396
186400	133974	52426
186500	134040	52460
186600	134112	52488
186700	134184	52516
186800	134253	52547
186900	134327	52573
187000	134397	52603
187100	134471	52629
187200	134542	52658
187300	134616	52684
187400	134695	52705
187500	134773	52727
187600	134845	52755
187700	134918	52782
187800	134992	52808
187900	135061	52839
188000	135133	52867
188100	135211	52889
188200	135272	52928
188300	135354	52946
188400	135420	52980
188500	135490	53010
188600	135561	53039
188700	135632	53068
188800	135700	53100
188900	135769	53131
189000	135845	53155
189100	135913	53187
189200	135983	53217
189300	136054	53246
189400	136117	53283
189500	136185	53315
189600	136250	53350
189700	136317	53383
189800	136385	53415
189900	136450	53450
190000	136517	53483
190100	136587	53513
190200	136663	53537
190300	136735	53565
190400	136804	53596
190500	136876	53624
190600	136948	53652
190700	137013	53687
190800	137083	53717
190900	137150	53750
191000	137213	53787
191100	137284	53816
191200	137356	53844
191300	137436	53864
191400	137511	53889
191500	137581	53919
191600	137648	53952
191700	137726	53974
191800	137794	54006
191900	137867	54033
192000	137941	54059
192100	138012	54088
192200	138085	54115
192300	138157	54143
192400	138223	54177
192500	138303	54197
192600	138381	54219
192700	138453	54247
192800	138521	54279
192900	138594	54306
193000	138660	54340
193100	138729	54371
193200	138798	54402
193300	138873	54427
193400	138944	54456
193500	139013	54487
193600	139086	54514
193700	139154	54546
193800	139219	54581
193900	139294	54606
194000	139362	54638
194100	139426	54674
194200	139493	54707
194300	139559	54741
194400	139628	54772
194500	139688	54812
194600	139760	54840
194700	139832	54868
194800	139901	54899
194900	139971	54929
195000	140043	54957
195100	140106	54994
195200	140172	55028
195300	140245	55055
195400	140312	55088
195500	140383	55117
195600	140458	55142
195700	140523	55177
195800	140588	55212
195900	140652	55248
196000	140717	55283
196100	140780	55320
196200	140848	55352
196300	140910	55390
196400	140980	55420
196500	141036	55464
196600	141106	55494
196700	141170	55530
196800	141239	55561
196900	141312	55588
197000	141381	55619
197100	141452	55648
197200	141523	55677
197300	141599	55701
197400	141672	55728
197500	141751	55749
197600	141823	55777
197700	141899	55801
197800	141973	55827
197900	142046	55854
198000	142120	55880
198100	142192	55908
198200	142263	55937
198300	142337	55963
198400	142412	55988
198500	142488	56012
198600	142555	56045
198700	142624	56076
198800	142690	56110
198900	142767	56133
199000	142832	56168
199100	142909	56191
199200	142979	56221
199300	143046	56254
199400	143114	56286
199500	143175	56325
199600	143246	56354
199700	143317	56383
199800	143392	56408
199900	143470	56430
200000	143553	56447
200100	143629	56471
200200	143702	56498
200300	143774	56526
200400	143845	56555
200500	143920	56580
200600	143996	56604
200700	144070	56630
200800	144142	56658
200900	144212	56688
201000	144287	56713
201100	144364	56736
201200	144431	56769
201300	144502	56798
201400	144579	56821
201500	144653	56847
201600	144726	56874
201700	144797	56903
201800	144875	56925
201900	144942	56958
202000	145014	56986
202100	145086	57014
202200	145152	57048
202300	145224	57076
202400	145290	57110
202500	145365	57135
202600	145437	57163
202700	145506	57194
202800	145571	57229
202900	145639	57261
203000	145708	57292
203100	145776	57324
203200	145842	57358
203300	145918	57382
203400	145988	57412
203500	146062	57438
203600	146134	57466
203700	146203	57497
203800	146278	57522
203900	146353	57547
204000	146424	57576
204100	146498	57602
204200	146571	57629
204300	146640	57660
204400	146712	57688
204500	146775	57725
204600	146839	57761
204700	146903	57797
204800	146977	57823
204900	147042	57858
205000	147111	57889
205100	147179	57921
205200	147246	57954
205300	147317	57983
205400	147389	58011
205500	147463	58037
205600	147535	58065
205700	147610	58090
205800	147679	58121
205900	147752	58148
206000	147831	58169
206100	147898	58202
206200	147969	58231
206300	148035	58265
206400	148105	58295
206500	148177	58323
206600	148246	58354
206700	148328	58372
206800	148405	58395
206900	148482	58418
207000	148556	58444
207100	148629	58471
207200	148701	58499
207300	148776	58524
207400	148848	58552
207500	148915	58585
207600	148988	58612
207700	149064	58636
207800	149132	58668
207900	149209	58691
208000	149285	58715
208100	149360	58740
208200	149431	58769
208300	149503	58797
208400	149582	58818
208500	149653	58847
208600	149724	58876
208700	149800	58900
208800	149871	58929
208900	149935	58965
209000	149998	59002
209100	150070	59030
209200	150136	59064
209300	150200	59100
209400	150278	59122
209500	150355	59145
209600	150426	59174
209700	150492	59208
209800	150559	59241
209900	150629	59271
210000	150708	59292
210100	150774	59326
210200	150848	59352
210300	150922	59378
210400	150988	59412
210500	151064	59436
210600	151141	59459
210700	151218	59482
210800	151292	59508
210900	151367	59533
211000	151441	59559
211100	151518	59582
211200	151584	59616
211300	151652	59648
211400	151734	59666
211500	151802	59698
211600	151869	59731
211700	151940	59760
211800	152007	59793
211900	152074	59826
212000	152139	59861
212100	152211	59889
212200	152286	59914
212300	152360	59940
212400	152426	59974
212500	152501	59999
212600	152573	60027
212700	152645	60055
212800	152725	60075
212900	152802	60098
213000	152876	60124
213100	152945	60155
213200	153021	60179
213300	153104	60196
213400	153177	60223
213500	153248	60252
213600	153310	60290
213700	153370	60330
213800	153443	60357
213900	153519	60381
214000	153597	60403
214100	153667	60433
214200	153736	60464
214300	153806	60494
214400	153886	60514
214500	153950	60550
214600	154017	60583
214700	154094	60606
214800	154153	60647
214900	154220	60680
215000	154297	60703
215100	154367	60733
215200	154442	60758
215300	154511	60789
215400	154578	60822
215500	154651	60849
215600	154729	60871
215700	154797	60903
215800	154864	60936
215900	154929	60971
216000	155003	60997
216100	155080	61020
216200	155155	61045
216300	155225	61075
216400	155296	61104
216500	155371	61129
216600	155445	61155
216700	155519	61181
216800	155592	61208
216900	155667	61233
217000	155744	61256
217100	155821	61279
217200	155890	61310
217300	155969	61331
217400	156042	61358
217500	156116	61384
217600	156182	61418
217700	156256	61444
217800	156333	61467
217900	156408	61492
218000	156480	61520
218100	156551	61549
218200	156621	61579
218300	156689	61611
218400	156762	61638
218500	156844	61656
218600	156916	61684
218700	156991	61709
218800	157069	61731
218900	157144	61756
219000	157221	61779
219100	157296	61804
219200	157360	61840
219300	157435	61865
219400	157507	61893
219500	157575	61925
219600	157643	61957
219700	157714	61986
219800	157788	62012
219900	157857	62043
220000	157931	62069
220100	158003	62097
220200	158072	62128
220300	158147	62153
220400	158214	62186
220500	158289	62211
220600	158371	62229
220700	158443	62257
220800	158514	62286
220900	158581	62319
221000	158655	62345
221100	158724	62376
221200	158794	62406
221300	158863	62437
221400	158933	62467
221500	159000	62500
221600	159067	62533
221700	159141	62559
221800	159215	62585
221900	159276	62624
222000	159342	62658
222100	159420	62680
222200	159498	62702
222300	159578	62722
222400	159653	62747
222500	159722	62778
222600	159802	62798
222700	159876	62824
222800	159949	62851
222900	160016	62884
223000	160093	62907
223100	160162	62938
223200	160236	62964
223300	160299	63001
223400	160374	63026
223500	160435	63065
223600	160511	63089
223700	160585	63115
223800	160652	63148
223900	160720	63180
224000	160788	63212
224100	160859	63241
224200	160929	63271
224300	161000	63300
224400	161075	63325
224500	161143	63357
224600	161208	63392
224700	161275	63425
224800	161333	63467
224900	161407	63493
225000	161476	63524
225100	161537	63563
225200	161610	63590
225300	161683	63617
225400	161754	63646
225500	161823	63677
225600	161894	63706
225700	161966	63734
225800	162041	63759
225900	162117	63783
226000	162194	63806
226100	162271	63829
226200	162347	63853
226300	162421	63879
226400	162488	63912
226500	162568	63932
226600	162647	63953
226700	162719	63981
226800	162790	64010
226900	162868	64032
227000	162943	64057
227100	163016	64084
227200	163090	64110
227300	163157	64143
227400	163238	64162
227500	163312	64188
227600	163382	64218
227700	163456	64244
227800	163521	64279
227900	163597	64303
228000	163661	64339
228100	163734	64366
228200	163808	64392
228300	163881	64419
228400	163958	64442
228500	164028	64472
228600	164101	64499
228700	164169	64531
228800	164236	64564
228900	164312	64588
229000	164395	64605
229100	164466	64634
229200	164536	64664
229300	164610	64690
229400	164686	64714
229500	164754	64746
229600	164821	64779
229700	164888	64812
229800	164960	64840
229900	165040	64860
230000	165111	64889
230100	165190	64910
230200	165265	64935
230300	165339	64961
230400	165415	64985
230500	165487	65013
230600	165564	65036
230700	165635	65065
230800	165708	65092
230900	165784	65116
231000	165863	65137
231100	165940	65160
231200	166007	65193
231300	166080	65220
231400	166153	65247
231500	166226	65274
231600	166293	65307
231700	166357	65343
231800	166426	65374
231900	166501	65399
232000	166572	65428
232100	166638	65462
232200	166709	65491
232300	166777	65523
232400	166850	65550
232500	166914	65586
232600	166993	65607
232700	167066	65634
232800	167139	65661
232900	167212	65688
233000	167286	65714
233100	167359	65741
233200	167428	65772
233300	167504	65796
233400	167582	65818
233500	167649	65851
233600	167723	65877
233700	167795	65905
233800	167871	65929
233900	167940	65960
234000	168017	65983
234100	168081	66019
234200	168157	66043
234300	168231	66069
234400	168301	66099
234500	168380	66120
234600	168445	66155
234700	168520	66180
234800	168593	66207
234900	168661	66239
235000	168730	66270
235100	168804	66296
235200	168865	66335
235300	168939	66361
235400	169018	66382
235500	169088	66412
235600	169167	66433
235700	169237	66463
235800	169311	66489
235900	169386	66514
236000	169449	66551
236100	169517	66583
236200	169582	66618
236300	169653	66647
236400	169726	66674
236500	169802	66698
236600	169882	66718
236700	169956	66744
236800	170028	66772
236900	170097	66803
237000	170168	66832
237100	170243	66857
237200	170314	66886
237300	170394	66906
237400	170469	66931
237500	170547	66953
237600	170620	66980
237700	170691	67009
237800	170772	67028
237900	170847	67053
238000	170934	67066
238100	171014	67086
238200	171093	67107
238300	171176	67124
238400	171251	67149
238500	171334	67166
238600	171401	67199
238700	171479	67221
238800	171556	67244
238900	171631	67269
239000	171707	67293
239100	171781	67319
239200	171846	67354
239300	171908	67392
239400	171991	67409
239500	172063	67437
239600	172141	67459
239700	172217	67483
239800	172292	67508
239900	172370	67530
240000	172441	67559
240100	172511	67589
240200	172584	67616
240300	172653	67647
240400	172725	67675
240500	172795	67705
240600	172861	67739
240700	172932	67768
240800	173006	67794
240900	173072	67828
241000	173146	67854
241100	173219	67881
241200	173294	67906
241300	173364	67936
241400	173438	67962
241500	173518	67982
241600	173593	68007
241700	173659	68041
241800	173729	68071
241900	173802	68098
242000	173879	68121
242100	173950	68150
242200	174016	68184
242300	174091	68209
242400	174169	68231
242500	174236	68264
242600	174308	68292
242700	174368	68332
242800	174439	68361
242900	174504	68396
243000	174576	68424
243100	174646	68454
243200	174723	68477
243300	174793	68507
243400	174866	68534
243500	174934	68566
243600	174997	68603
243700	175068	68632
243800	175140	68660
243900	175208	68692
244000	175277	68723
244100	175344	68756
244200	175415	68785
244300	175489	68811
244400	175557	68843
244500	175616	68884
244600	175692	68908
244700	175765	68935
244800	175836	68964
244900	175900	69000
245000	175972	69028
245100	176043	69057
245200	176106	69094
245300	176180	69120
245400	176242	69158
245500	176310	69190
245600	176384	69216
245700	176457	69243
245800	176531	69269
245900	176604	69296
246000	176671	69329
246100	176741	69359
246200	176818	69382
246300	176883	69417
246400	176952	69448
246500	177030	69470
246600	177098	69502
246700	177163	69537
246800	177224	69576
246900	177297	69603
247000	177363	69637
247100	177432	69668
247200	177498	69702
247300	177573	69727
247400	177638	69762
247500	177705	69795
247600	177777	69823
247700	177858	69842
247800	177930	69870
247900	178008	69892
248000	178087	69913
248100	178160	69940
248200	178235	69965
248300	178302	69998
248400	178375	70025
248500	178442	70058
248600	178517	70083
248700	178584	70116
248800	178653	70147
248900	178718	70182
249000	178788	70212
249100	178855	70245
249200	178934	70266
249300	179004	70296
249400	179074	70326
249500	179159	70341
249600	179235	70365
249700	179306	70394
249800	179378	70422
249900	179448	70452
250000	179516	70484
250100	179588	70512
250200	179657	70543
250300	179738	70562
250400	179806	70594
250500	179884	70616
250600	179954	70646
250700	180021	70679
250800	180094	70706
250900	180169	70731
251000	180242	70758
251100	180317	70783
251200	180396	70804
251300	180473	70827
251400	180537	70863
251500	180608	70892
251600	180676	70924
251700	180751	70949
251800	180826	70974
251900	180904	70996
252000	180974	71026
252100	181043	71057
252200	181115	71085
252300	181186	71114
252400	181263	71137
252500	181333	71167
252600	181395	71205
252700	181465	71235
252800	181525	71275
252900	181589	71311
253000	181664	71336
253100	181727	71373
253200	181802	71398
253300	181880	71420
253400	181958	71442
253500	182026	71474
253600	182091	71509
253700	182156	71544
253800	182219	71581
253900	182282	71618
254000	182353	71647
254100	182424	71676
254200	182494	71706
254300	182555	71745
254400	182627	71773
254500	182710	71790
254600	182783	71817
254700	182853	71847
254800	182924	71876
254900	182998	71902
255000	183061	71939
255100	183134	71966
255200	183203	71997
255300	183285	72015
255400	183364	72036
255500	183441	72059
255600	183510	72090
255700	183579	72121
255800	183650	72150
255900	183718	72182
256000	183783	72217
256100	183856	72244
256200	183929	72271
256300	184001	72299
256400	184071	72329
256500	184143	72357
256600	184212	72388
256700	184279	72421
256800	184358	72442
256900	184436	72464
257000	184519	72481
257100	184595	72505
257200	184669	72531
257300	184739	72561
257400	184809	72591
257500	184884	72616
257600	184949	72651
257700	185022	72678
257800	185097	72703
257900	185175	72725
258000	185250	72750
258100	185323	72777
258200	185397	72803
258300	185474	72826
258400	185550	72850
258500	185624	72876
258600	185698	72902
258700	185772	72928
258800	185842	72958
258900	185916	72984
259000	185994	73006
259100	186071	73029
259200	186146	73054
259300	186225	73075
259400	186291	73109
259500	186347	73153
259600	186428	73172
259700	186508	73192
259800	186581	73219
259900	186656	73244
260000	186734	73266
260100	186804	73296
260200	186881	73319
260300	186951	73349
260400	187025	73375
260500	187096262600	17863	244737
262700	17872	244828
262800	17874	244926
262900	17877	245023
263000	17885	245115
263100	17890	245210
263200	17896	245304
263300	17899	245401
263400	17905	245495
263500	17907	245593
263600	17909	245691
263700	17914	245786
263800	17918	245882
263900	17921	245979
264000	17922	246078
264100	17927	246173
264200	17932	246268
264300	17935	246365
264400	17940	246460
264500	17942	246558
264600	17948	246652
264700	17953	246747
264800	17957	246843
264900	17959	246941
265000	17964	247036
265100	17971	247129
265200	17977	247223
265300	17980	247320
265400	17983	247417
265500	17985	247515
265600	17989	247611
265700	17991	247709
265800	17994	247806
265900	17995	247905
266000	17999	248001
266100	18004	248096
266200	18008	248192
266300	18010	248290
266400	18015	248385
266500	18022	248478
266600	18023	248577
266700	18029	248671
266800	18035	248765
266900	18040	248860
267000	18042	248958
267100	18048	249052
267200	18051	249149
267300	18059	249241
267400	18062	249338
267500	18067	249433
267600	18075	249525
267700	18079	249621
267800	18084	249716
267900	18092	249808
268000	18100	249900
268100	18106	249994
268200	18114	250086
268300	18117	250183
268400	18119	250281
268500	18127	250373
268600	18134	250466
268700	18138	250562
268800	18143	250657
268900	18149	250751
269000	18154	250846
269100	18164	250936
269200	18168	251032
269300	18175	251125
269400	18183	251217
269500	18186	251314
269600	18188	251412
269700	18196	251504
269800	18204	251596
269900	18209	251691
270000	18218	251782
270100	18223	251877
270200	18230	251970
270300	18233	252067
270400	18240	252160
270500	18250	252250
270600	18253	252347
270700	18265	252435
270800	18271	252529
270900	18276	252624
271000	18281	252719
271100	18288	252812
271200	18295	252905
271300	18300	253000
271400	18307	253093
271500	18311	253189
271600	18317	253283
271700	18328	253372
271800	18331	253469
271900	18339	253561
272000	18345	253655
272100	18351	253749
272200	18354	253846
272300	18361	253939
272400	18364	254036
272500	18367	254133
272600	18376	254224
272700	18382	254318
272800	18390	254410
272900	18394	254506
273000	18400	254600
273100	18402	254698
273200	18408	254792
273300	18410	254890
273400	18413	254987
273500	18416	255084
273600	18420	255180
273700	18422	255278
273800	18428	255372
273900	18429	255471
274000	18434	255566
274100	18436	255664
274200	18443	255757
274300	18445	255855
274400	18448	255952
274500	18454	256046
274600	18457	256143
274700	18462	256238
274800	18468	256332
274900	18474	256426
275000	18479	256521
275100	18483	256617
275200	18486	256714
275300	18489	256811
275400	18493	256907
275500	18500	257000
275600	18505	257095
275700	18512	257188
275800	18517	257283
275900	18523	257377
276000	18530	257470
276100	18534	257566
276200	18542	257658
276300	18548	257752
276400	18554	257846
276500	18560	257940
276600	18564	258036
276700	18570	258130
276800	18576	258224
276900	18585	258315
277000	18590	258410
277100	18595	258505
277200	18600	258600
277300	18609	258691
277400	18618	258782
277500	18619	258881
277600	18624	258976
277700	18633	259067
277800	18640	259160
277900	18647	259253
278000	18650	259350
278100	18655	259445
278200	18666	259534
278300	18674	259626
278400	18680	259720
278500	18689	259811
278600	18701	259899
278700	18705	259995
278800	18712	260088
278900	18716	260184
279000	18723	260277
279100	18726	260374
279200	18728	260472
279300	18732	260568
279400	18738	260662
279500	18742	260758
279600	18750	260850
279700	18755	260945
279800	18759	261041
279900	18763	261137
280000	18764	261236
280100	18771	261329
280200	18774	261426
280300	18777	261523
280400	18779	261621
280500	18783	261717
280600	18789	261811
280700	18797	261903
280800	18801	261999
280900	18802	262098
281000	18802	262198
281100	18805	262295
281200	18812	262388
281300	18815	262485
281400	18820	262580
281500	18827	262673
281600	18829	262771
281700	18834	262866
281800	18839	262961
281900	18844	263056
282000	18850	263150
282100	18852	263248
282200	18858	263342
282300	18865	263435
282400	18873	263527
282500	18877	263623
282600	18882	263718
282700	18888	263812
282800	18890	263910
282900	18895	264005
283000	18896	264104
283100	18898	264202
283200	18907	264293
283300	18911	264389
283400	18913	264487
283500	18918	264582
283600	18921	264679
283700	18928	264772
283800	18932	264868
283900	18935	264965
284000	18942	265058
284100	18943	265157
284200	18947	265253
284300	18951	265349
284400	18955	265445
284500	18961	265539
284600	18963	265637
284700	18969	265731
284800	18975	265825
284900	18981	265919
285000	18985	266015
285100	18991	266109
285200	18995	266205
285300	18997	266303
285400	18998	266402
285500	19001	266499
285600	19005	266595
285700	19010	266690
285800	19017	266783
285900	19018	266882
286000	19022	266978
286100	19024	267076
286200	19028	267172
286300	19030	267270
286400	19040	267360
286500	19045	267455
286600	19053	267547
286700	19060	267640
286800	19070	267730
286900	19072	267828
287000	19078	267922
287100	19082	268018
287200	19088	268112
287300	19097	268203
287400	19102	268298
287500	19108	268392
287600	19111	268489
287700	19118	268582
287800	19122	268678
287900	19131	268769
288000	19139	268861
288100	19144	268956
288200	19149	269051
288300	19151	269149
	80719
286400	205660	80740
286500	205733	80767
286600	205801	80799
286700	205869	80831
286800	205945	80855
286900	206019	80881
287000	206091	80909
287100	206159	80941
287200	206229	80971
287300	206298	81002
287400	206365	81035
287500	206434	81066
287600	206502	81098
287700	206576	81124
287800	206652	81148
287900	206726	81174
288000	206795	81205
288100	206874	81226
288200	206951	81249
288300	207022	81278
288400	207093	81307
288500	207162	81338
288600	207238	81362
288700	207302	81398
288800	207367	81433
288900	207436	81464
289000	207510	81490
289100	207570	81530
289200	207643	81557
289300	207716	81584
289400	207789	81611
289500	207858	81642
289600	207928	81672
289700	208000	81700
289800	208071	81729
289900	208143	81757
290000	208219	81781
290100	208290	81810
290200	208362	81838
290300	208434	81866
290400	208517	81883
290500	208584	81916
290600	208653	81947
290700	208722	81978
290800	208790	82010
290900	208862	82038
291000	208933	82067
291100	208998	82102
291200	209068	82132
291300	209133	82167
291400	209202	82198
291500	209275	82225
291600	209350	82250
291700	209417	82283
291800	209489	82311
291900	209560	82340
292000	209633	82367
292100	209709	82391
292200	209776	82424
292300	209849	82451
292400	209929	82471
292500	210000	82500
292600	210073	82527
292700	210134	82566
292800	210211	82589
292900	210276	82624
293000	210349	82651
293100	210425	82675
293200	210492	82708
293300	210563	82737
293400	210631	82769
293500	210703	82797
293600	210783	82817
293700	210863	82837
293800	210940	82860
293900	211010	82890
294000	211090	82910
294100	211168	82932
294200	211249	82951
294300	211321	82979
294400	211397	83003
294500	211472	83028
294600	211544	83056
294700	211621	83079
294800	211701	83099
294900	211778	83122
295000	211853	83147
295100	211923	83177
295200	211993	83207
295300	212055	83245
295400	212129	83271
295500	212193	83307
295600	212267	83333
295700	212339	83361
295800	212406	83394
295900	212480	83420
296000	212550	83450
296100	212627	83473
296200	212701	83499
296300	212780	83520
296400	212862	83538
296500	212928	83572
296600	212997	83603
296700	213069	83631
296800	213135	83665
296900	213195	83705
297000	213266	83734
297100	213333	83767
297200	213408	83792
297300	213482	83818
297400	213560	83840
297500	213625	83875
297600	213696	83904
297700	213767	83933
297800	213840	83960
297900	213915	83985
298000	213976	84024
298100	214043	84057
298200	214112	84088
298300	214186	84114
298400	214255	84145
298500	214331	84169
298600	214405	84195
298700	214470	84230
298800	214542	84258
298900	214607	84293
299000	214687	84313
299100	214762	84338
299200	214839	84361
299300	214899	84401
299400	214968	84432
299500	215038	84462
299600	215116	84484
299700	215185	84515
299800	215265	84535
299900	215343	84557
300000	215410	84590
300100	215485	84615
300200	215559	84641
300300	215630	84670
300400	215705	84695
300500	215785	84715
300600	215851	84749
300700	215926	84774
300800	215986	84814
300900	216055	84845
301000	216129	84871
301100	216201	84899
301200	216274	84926
301300	216347	84953
301400	216416	84984
301500	216481	85019
301600	216551	85049
301700	216634	85066
301800	216699	85101
301900	216772	85128
302000	216840	85160
302100	216914	85186
302200	216987	85213
302300	217057	85243
302400	217121	85279
302500	217182	85318
302600	217258	85342
302700	217331	85369
302800	217405	85395
302900	217476	85424
303000	217557	85443
303100	217629	85471
303200	217699	85501
303300	217778	85522
303400	217845	85555
303500	217923	85577
303600	217990	85610
303700	218070	85630
303800	218137	85663
303900	218210	85690
304000	218279	85721
304100	218347	85753
304200	218416	85784
304300	218484	85816
304400	218556	85844
304500	218624	85876
304600	218699	85901
304700	218771	85929
304800	218843	85957
304900	218913	85987
305000	218980	86020
305100	219052	86048
305200	219121	86079
305300	219186	86114
305400	219260	86140
305500	219326	86174
305600	219398	86202
305700	219468	86232
305800	219537	86263
305900	219617	86283
306000	219688	86312
306100	219761	86339
306200	219839	86361
306300	219907	86393
306400	219979	86421
306500	220058	86442
306600	220132	86468
306700	220209	86491
306800	220277	86523
306900	220353	86547
307000	220423	86577
307100	220497	86603
307200	220571	86629
307300	220637	86663
307400	220707	86693
307500	220782	86718
307600	220846	86754
307700	220912	86788
307800	220976	86824
307900	221047	86853
308000	221114	86886
308100	221192	86908
308200	221261	86939
308300	221323	86977
308400	221399	87001
308500	221472	87028
308600	221545	87055
308700	221605	87095
308800	221673	87127
308900	221744	87156
309000	221822	87178
309100	221887	87213
309200	221959	87241
309300	222032	87268
309400	222094	87306
309500	222169	87331
309600	222244	87356
309700	222310	87390
309800	222376	87424
309900	222451	87449
310000	222520	87480
310100	222600	87500
310200	222673	87527
310300	222746	87554
310400	222824	87576
310500	222902	87598
310600	222970	87630
310700	223045	87655
310800	223121	87679
310900	223197	87703
311000	223276	87724
311100	223341	87759
311200	223413	87787
311300	223487	87813
311400	223564	87836
311500	223640	87860
311600	223719	87881
311700	223787	87913
311800	223860	87940
311900	223933	87967
312000	224008	87992
312100	224087	88013
312200	224159	88041
312300	224233	88067
312400	224305	88095
312500	224370	88130
312600	224445	88155
312700	224514	88186
312800	224585	88215
312900	224650	88250
313000	224717	88283
313100	224782	88318
313200	224850	88350
313300	224916	88384
313400	224987	88413
313500	225063	88437
313600	225134	88466
313700	225207	88493
313800	225281	88519
313900	225356	88544
314000	225425	88575
314100	225503	88597
314200	225577	88623
314300	225656	88644
314400	225731	88669
314500	225811	88689
314600	225882	88718
314700	225957	88743
314800	226030	88770
314900	226109	88791
315000	226186	88814
315100	226258	88842
315200	226336	88864
315300	226411	88889
315400	226488	88912
315500	226568	88932
315600	226636	88964
315700	226705	88995
315800	226782	89018
315900	226854	89046
316000	226928	89072
316100	226996	89104
316200	227076	89124
316300	227146	89154
316400	227218	89182
316500	227283	89217
316600	227359	89241
316700	227437	89263
316800	227513	89287
316900	227589	89311
317000	227651	89349
317100	227728	89372
317200	227802	89398
317300	227873	89427
317400	227939	89461
317500	228011	89489
317600	228085	89515
317700	228149	89551
317800	228223	89577
317900	228299	89601
318000	228374	89626
318100	228440	89660
318200	228505	89695
318300	228569	89731
318400	228639	89761
318500	228712	89788
318600	228791	89809
318700	228865	89835
318800	228938	89862
318900	229012	89888
319000	229087	89913
319100	229166	89934
319200	229250	89950
319300	229328	89972
319400	229407	89993
319500	229485	90015
319600	229562	90038
319700	229640	90060
319800	229719	90081
319900	229789	90111
320000	229861	90139
320100	229930	90170
320200	230007	90193
320300	230087	90213
320400	230155	90245
320500	230224	90276
320600	230294	90306
320700	230361	90339
320800	230437	90363
320900	230506	90394
321000	230581	90419
321100	230652	90448
321200	230719	90481
321300	230789	90511
321400	230864	90536
321500	230935	90565
321600	231016	90584
321700	231086	90614
321800	231158	90642
321900	231237	90663
322000	231308	90692
322100	231386	90714
322200	231454	90746
322300	231526	90774
322400	231602	90798
322500	231670	90830
322600	231750	90850
322700	231816	90884
322800	231886	90914
322900	231958	90942
323000	232032	90968
323100	232103	90997
323200	232177	91023
323300	232254	91046
323400	232328	91072
323500	232405	91095
323600	232484	91116
323700	232563	91137
323800	232637	91163
323900	232707	91193
324000	232777	91223
324100	232849	91251
324200	232920	91280
324300	232995	91305
324400	233069	91331
324500	233141	91359
324600	233214	91386
324700	233287	91413
324800	233365	91435
324900	233441	91459
325000	233510	91490
325100	233579	91521
325200	233644	91556
325300	233711	91589
325400	233784	91616
325500	233849	91651
325600	233912	91688
325700	233985	91715
325800	234053	91747
325900	234112	91788
326000	234181	91819
326100	234250	91850
326200	234319	91881
326300	234392	91908
326400	234467	91933
326500	234534	91966
326600	234607	91993
326700	234678	92022
326800	234748	92052
326900	234825	92075
327000	234890	92110
327100	234961	92139
327200	235033	92167
327300	235106	92194
327400	235175	92225
327500	235254	92246
327600	235328	92272
327700	235395	92305
327800	235473	92327
327900	235547	92353
328000	235619	92381
328100	235694	92406
328200	235769	92431
328300	235845	92455
328400	235912	92488
328500	235979	92521
328600	236047	92553
328700	236115	92585
328800	236187	92613
328900	236260	92640
329000	236323	92677
329100	236398	92702
329200	236473	92727
329300	236546	92754
329400	236619	92781
329500	236688	92812
329600	236760	92840
329700	236829	92871
329800	236899	92901
329900	236973	92927
330000	237050	92950
330100	237118	92982
330200	237188	93012
330300	237266	93034
330400	237340	93060
330500	237416	93084
330600	237482	93118
330700	237551	93149
330800	237625	93175
330900	237705	93195
331000	237777	93223
331100	237835	93265
331200	237908	93292
331300	237977	93323
331400	238053	93347
331500	238127	93373
331600	238194	93406
331700	238268	93432
331800	238338	93462
331900	238408	93492
332000	238475	93525
332100	238555	93545
332200	238628	93572
332300	238699	93601
332400	238769	93631
332500	238833	93667
332600	238907	93693
332700	238975	93725
332800	239040	93760
332900	239109	93791
333000	239177	93823
333100	239254	93846
333200	239323	93877
333300	239391	93909
333400	239459	93941
333500	239534	93966
333600	239606	93994
333700	239671	94029
333800	239739	94061
333900	239809	94091
334000	239881	94119
334100	239958	94142
334200	240029	94171
334300	240107	94193
334400	240186	94214
334500	240256	94244
334600	240331	94269
334700	240403	94297
334800	240476	94324
334900	240533	94367
335000	240603	94397
335100	240671	94429
335200	240745	94455
335300	240823	94477
335400	240897	94503
335500	240965	94535
335600	241040	94560
335700	241109	94591
335800	241182	94618
335900	241258	94642
336000	241331	94669
336100	241402	94698
336200	241467	94733
336300	241541	94759
336400	241602	94798
336500	241678	94822
336600	241745	94855
336700	241810	94890
336800	241879	94921
336900	241951	94949
337000	242024	94976
337100	242097	95003
337200	242168	95032
337300	242233	95067
337400	242302	95098
337500	242372	95128
337600	242443	95157
337700	242509	95191
337800	242578	95222
337900	242640	95260
338000	242715	95285
338100	242785	95315
338200	242847	95353
338300	242917	95383
338400	242995	95405
338500	243074	95426
338600	243145	95455
338700	243216	95484
338800	243288	95512
338900	243358	95542
339000	243426	95574
339100	243496	95604
339200	243568	95632
339300	243640	95660
339400	243704	95696
339500	243779	95721
339600	243855	95745
339700	243925	95775
339800	243999	95801
339900	244065	95835
340000	244141	95859
340100	244204	95896
340200	244277	95923
340300	244348	95952
340400	244423	95977
340500	244497	96003
340600	244564	96036
340700	244632	96068
340800	244707	96093
340900	244780	96120
341000	244854	96146
341100	244929	96171
341200	245001	96199
341300	245070	96230
341400	245131	96269
341500	245196	96304
341600	245266	96334
341700	245336	96364
341800	245407	96393
341900	245485	96415
342000	245555	96445
342100	245629	96471
342200	245697	96503
342300	245769	96531
342400	245845	96555
342500	245920	96580
342600	245996	96604
342700	246061	96639
342800	246123	96677
342900	246194	96706
343000	246268	96732
343100	246341	96759
343200	246420	96780
343300	246491	96809
343400	246569	96831
343500	246640	96860
343600	246708	96892
343700	246783	96917
343800	246854	96946
343900	246931	96969
344000	247006	96994
344100	247077	97023
344200	247158	97042
344300	247226	97074
344400	247293	97107
344500	247367	97133
344600	247434	97166
344700	247504	97196
344800	247576	97224
344900	247644	97256
345000	247710	97290
345100	247776	97324
345200	247843	97357
345300	247912	97388
345400	247976	97424
345500	248045	97455
345600	248118	97482
345700	248185	97515
345800	248260	97540
345900	248327	97573
346000	248403	97597
346100	248474	97626
346200	248558	97642
346300	248626	97674
346400	248694	97706
346500	248767	97733
346600	248841	97759
346700	248921	97779
346800	249003	97797
346900	249076	97824
347000	249147	97853
347100	249222	97878
347200	249293	97907
347300	249364	97936
347400	249441	97959
347500	249509	97991
347600	249581	98019
347700	249647	98053
347800	249715	98085
347900	249781	98119
348000	249858	98142
348100	249927	98173
348200	249998	98202
348300	250068	98232
348400	250138	98262
348500	250211	98289
348600	250286	98314
348700	250361	98339
348800	250440	98360
348900	250515	98385
349000	250588	98412
349100	250659	98441
349200	250737	98463
349300	250808	98492
349400	250884	98516
349500	250953	98547
349600	251025	98575
349700	251100	98600
349800	251177	98623
349900	251242	98658
350000	251308	98692
350100	251375	98725
350200	251441	98759
350300	251509	98791
350400	251579	98821
350500	251650	98850
350600	251725	98875
350700	251800	98900
350800	251864	98936
350900	251930	98970
351000	252005	98995
351100	252074	99026
351200	252143	99057
351300	252211	99089
351400	252278	99122
351500	252353	99147
351600	252433	99167
351700	252510	99190
351800	252585	99215
351900	252658	99242
352000	252735	99265
352100	252809	99291
352200	252892	99308
352300	252971	99329
352400	253046	99354
352500	253126	99374
352600	253199	99401
352700	253274	99426
352800	253353	99447
352900	253429	99471
353000	253503	99497
353100	253579	99521
353200	253649	99551
353300	253722	99578
353400	253799	99601
353500	253877	99623
353600	253940	99660
353700	254010	99690
353800	254084	99716
353900	254162	99738
354000	254237	99763
354100	254316	99784
354200	254395	99805
354300	254469	99831
354400	254543	99857
354500	254616	99884
354600	254691	99909
354700	254764	99936
354800	254843	99957
354900	254914	99986
355000	254985	100015
355100	255057	100043
355200	255133	100067
355300	255206	100094
355400	255273	100127
355500	255349	100151
355600	255419	100181
355700	255488	100212
355800	255564	100236
355900	255628	100272
356000	255701	100299
356100	255779	100321
356200	255850	100350
356300	255920	100380
356400	255994	100406
356500	256068	100432
356600	256140	100460
356700	256210	100490
356800	256282	100518
356900	256363	100537
357000	256438	100562
357100	256510	100590
357200	256585	100615
357300	256664	100636
357400	256740	100660
357500	256811	100689
357600	256880	100720
357700	256960	100740
357800	257031	100769
357900	257103	100797
358000	257180	100820
358100	257263	100837
358200	257337	100863
358300	257401	100899
358400	257480	100920
358500	257548	100952
358600	257617	100983
358700	257691	101009
358800	257770	101030
358900	257854	101046
359000	257920	101080
359100	257993	101107
359200	258071	101129
359300	258147	101153
359400	258223	101177
359500	258300	101200
359600	258372	101228
359700	258442	101258
359800	258519	101281
359900	258588	101312
360000	258646	101354
360100	258721	101379
360200	258787	101413
360300	258863	101437
360400	258944	101456
360500	259009	101491
360600	259084	101516
360700	259158	101542
360800	259236	101564
360900	259310	101590
361000	259383	101617
361100	259455	101645
361200	259527	101673
361300	259602	101698
361400	259684	101716
361500	259747	101753
361600	259816	101784
361700	259889	101811
361800	259959	101841
361900	260035	101865
362000	260105	101895
362100	260164	101936
362200	260235	101965
362300	260302	101998
362400	260366	102034
362500	260440	102060
362600	260510	102090
362700	260575	102125
362800	260641	102159
362900	260716	102184
363000	260792	102208
363100	260857	102243
363200	260929	102271
363300	261004	102296
363400	261069	102331
363500	261137	102363
363600	261206	102394
363700	261272	102428
363800	261343	102457
363900	261408	102492
364000	261484	102516
364100	261561	102539
364200	261632	102568
364300	261698	102602
364400	261775	102625
364500	261849	102651
364600	261923	102677
364700	261992	102708
364800	262068	102732
364900	262131	102769
365000	262208	102792
365100	262287	102813
365200	262366	102834
365300	262443	102857
365400	262523	102877
365500	262599	102901
365600	262671	102929
365700	262741	102959
365800	262809	102991
365900	262881	103019
366000	262949	103051
366100	263019	103081
366200	263086	103114
366300	263158	103142
366400	263226	103174
366500	263305	103195
366600	263376	103224
366700	263452	103248
366800	263527	103273
366900	263592	103308
367000	263662	103338
367100	263734	103366
367200	263798	103402
367300	263870	103430
367400	263947	103453
367500	264027	103473
367600	264105	103495
367700	264183	103517
367800	264257	103543
367900	264322	103578
368000	264398	103602
368100	264468	103632
368200	264533	103667
368300	264598	103702
368400	264673	103727
368500	264745	103755
368600	264816	103784
368700	264897	103803
368800	264968	103832
368900	265050	103850
369000	265118	103882
369100	265186	103914
369200	265265	103935
369300	265338	103962
369400	265413	103987
369500	265481	104019
369600	265554	104046
369700	265628	104072
369800	265713	104087
369900	265784	104116
370000	265857	104143
370100	265940	104160
370200	266009	104191
370300	266083	104217
370400	266161	104239
370500	266241	104259
370600	266319	104281
370700	266395	104305
370800	266473	104327
370900	266543	104357
371000	266613	104387
371100	266686	104414
371200	266765	104435
371300	266842	104458
371400	266918	104482
371500	266998	104502
371600	267068	104532
371700	267149	104551
371800	267231	104569
371900	267307	104593
372000	267379	104621
372100	267451	104649
372200	267520	104680
372300	267603	104697
372400	267674	104726
372500	267751	104749
372600	267823	104777
372700	267904	104796
372800	267983	104817
372900	268054	104846
373000	268129	104871
373100	268200	104900
373200	268277	104923
373300	268350	104950
373400	268426	104974
373500	268501	104999
373600	268579	105021
373700	268654	105046
373800	268727	105073
373900	268797	105103
374000	268867	105133
374100	268939	105161
374200	269013	105187
374300	269080	105220
374400	269159	105241
374500	269229	105271
374600	269303	105297
374700	269376	105324
374800	269445	105355
374900	269510	105390
375000	269585	105415
375100	269656	105444
375200	269724	105476
375300	269804	105496
375400	269863	105537
375500	269944	105556
375600	270016	105584
375700	270084	105616
375800	270159	105641
375900	270230	105670
376000	270299	105701
376100	270372	105728
376200	270441	105759
376300	270512	105788
376400	270585	105815
376500	270653	105847
376600	270728	105872
376700	270801	105899
376800	270877	105923
376900	270950	105950
377000	271021	105979
377100	271093	106007
377200	271166	106034
377300	271240	106060
377400	271315	106085
377500	271384	106116
377600	271454	106146
377700	271525	106175
377800	271598	106202
377900	271667	106233
378000	271742	106258
378100	271821	106279
378200	271895	106305
378300	271969	106331
378400	272039	106361
378500	272107	106393
378600	272174	106426
378700	272248	106452
378800	272316	106484
378900	272387	106513
379000	272453	106547
379100	272522	106578
379200	272599	106601
379300	272667	106633
379400	272748	106652
379500	272811	106689
379600	272889	106711
379700	272967	106733
379800	273037	106763
379900	273109	106791
380000	273185	106815
380100	273257	106843
380200	273329	106871
380300	273397	106903
380400	273464	106936
380500	273534	106966
380600	273607	106993
380700	273672	107028
380800	273748	107052
380900	273820	107080
381000	273895	107105
381100	273972	107128
381200	274043	107157
381300	274116	107184
381400	274188	107212
381500	274263	107237
381600	274333	107267
381700	274410	107290
381800	274486	107314
381900	274558	107342
382000	274630	107370
382100	274702	107398
382200	274773	107427
382300	274850	107450
382400	274921	107479
382500	274993	107507
382600	275062	107538
382700	275133	107567
382800	275201	107599
382900	275270	107630
383000	275342	107658
383100	275419	107681
383200	275490	107710
383300	275555	107745
383400	275632	107768
383500	275701	107799
383600	275774	107826
383700	275843	107857
383800	275911	107889
383900	275979	107921
384000	276051	107949
384100	276115	107985
384200	276190	108010
384300	276259	108041
384400	276332	108068
384500	276406	108094
384600	276479	108121
384700	276556	108144
384800	276628	108172
384900	276703	108197
385000	276769	108231
385100	276839	108261
385200	276913	108287
385300	276986	108314
385400	277062	108338
385500	277132	108368
385600	277191	108409
385700	277270	108430
385800	277336	108464
385900	277408	108492
386000	277477	108523
386100	277547	108553
386200	277618	108582
386300	277694	108606
386400	277767	108633
386500	277840	108660
386600	277917	108683
386700	277993	108707
386800	278065	108735
386900	278138	108762
387000	278210	108790
387100	278287	108813
387200	278369	108831
387300	278444	108856
387400	278527	108873
387500	278606	108894
387600	278674	108926
387700	278756	108944
387800	278833	108967
387900	278906	108994
388000	278977	109023
388100	279054	109046
388200	279132	109068
388300	279207	109093
388400	279286	109114
388500	279361	109139
388600	279436	109164
388700	279509	109191
388800	279580	109220
388900	279663	109237
389000	279728	109272
389100	279801	109299
389200	279870	109330
389300	279948	109352
389400	280026	109374
389500	280104	109396
389600	280178	109422
389700	280248	109452
389800	280328	109472
389900	280399	109501
390000	280464	109536
390100	280537	109563
390200	280604	109596
390300	280680	109620
390400	280751	109649
390500	280811	109689
390600	280876	109724
390700	280944	109756
390800	281016	109784
390900	281080	109820
391000	281150	109850
391100	281224	109876
391200	281297	109903
391300	281358	109942
391400	281429	109971
391500	281503	109997
391600	281579	110021
391700	281659	110041
391800	281730	110070
391900	281802	110098
392000	281881	110119
392100	281949	110151
392200	282020	110180
392300	282089	110211
392400	282160	110240
392500	282232	110268
392600	282305	110295
392700	282381	110319
392800	282452	110348
392900	282523	110377
393000	282594	110406
393100	282659	110441
393200	282740	110460
393300	282817	110483
393400	282895	110505
393500	282965	110535
393600	283031	110569
393700	283112	110588
393800	283176	110624
393900	283241	110659
394000	283311	110689
394100	283387	110713
394200	283458	110742
394300	283527	110773
394400	283592	110808
394500	283658	110842
394600	283723	110877
394700	283796	110904
394800	283865	110935
394900	283934	110966
395000	284007	110993
395100	284072	111028
395200	284141	111059
395300	284208	111092
395400	284279	111121
395500	284352	111148
395600	284418	111182
395700	284496	111204
395800	284567	111233
395900	284644	111256
396000	284727	111273
396100	284804	111296
396200	284866	111334
396300	284945	111355
396400	285012	111388
396500	285085	111415
396600	285159	111441
396700	285233	111467
396800	285302	111498
396900	285373	111527
397000	285447	111553
397100	285508	111592
397200	285583	111617
397300	285654	111646
397400	285723	111677
397500	285795	111705
397600	285867	111733
397700	285941	111759
397800	286014	111786
397900	286092	111808
398000	286168	111832
398100	286238	111862
398200	286310	111890
398300	286380	111920
398400	286450	111950
398500	286519	111981
398600	286584	112016
398700	286657	112043
398800	286729	112071
398900	286796	112104
399000	286864	112136
399100	286934	112166
399200	286998	112202
399300	287063	112237
399400	287129	112271
399500	287198	112302
399600	287258	112342
399700	287327	112373
399800	287395	112405
399900	287464	112436
400000	287536	112464
400100	287610	112490
400200	287681	112519
400300	287755	112545
400400	287822	112578
400500	287885	112615
400600	287957	112643
400700	288031	112669
400800	288107	112693
400900	288170	112730
401000	288235	112765
401100	288311	112789
401200	288381	112819
401300	288447	112853
401400	288513	112887
401500	288591	112909
401600	288671	112929
401700	288744	112956
401800	288810	112990
401900	288886	113014
402000	288957	113043
402100	289032	113068
402200	289107	113093
402300	289178	113122
402400	289250	113150
402500	289327	113173
402600	289391	113209
402700	289464	113236
402800	289532	113268
402900	289598	113302
403000	289663	113337
403100	289733	113367
403200	289800	113400
403300	289875	113425
403400	289939	113461
403500	290009	113491
403600	290084	113516
403700	290159	113541
403800	290229	113571
403900	290297	113603
404000	290368	113632
404100	290442	113658
404200	290518	113682
404300	290590	113710
404400	290674	113726
404500	290751	113749
404600	290823	113777
404700	290899	113801
404800	290962	113838
404900	291042	113858
405000	291108	113892
405100	291188	113912
405200	291262	113938
405300	291329	113971
405400	291408	113992
405500	291494	114006
405600	291572	114028
405700	291642	114058
405800	291718	114082
405900	291794	114106
406000	291872	114128
406100	291941	114159
406200	292012	114188
406300	292078	114222
406400	292149	114251
406500	292220	114280
406600	292295	114305
406700	292372	114328
406800	292445	114355
406900	292517	114383
407000	292589	114411
407100	292655	114445
407200	292734	114466
407300	292806	114494
407400	292879	114521
407500	292953	114547
407600	293025	114575
407700	293096	114604
407800	293163	114637
407900	293226	114674
408000	293294	114706
408100	293366	114734
408200	293439	114761
408300	293504	114796
408400	293570	114830
408500	293636	114864
408600	293709	114891
408700	293780	114920
408800	293856	114944
408900	293930	114970
409000	294002	114998
409100	294081	115019
409200	294153	115047
409300	294226	115074
409400	294297	115103
409500	294368	115132
409600	294445	115155
409700	294516	115184
409800	294588	115212
409900	294662	115238
410000	294748	115252
410100	294823	115277
410200	294898	115302
410300	294974	115326
410400	295053	115347
410500	295121	115379
410600	295197	115403
410700	295276	115424
410800	295356	115444
410900	295437	115463
411000	295509	115491
411100	295589	115511
411200	295664	115536
411300	295737	115563
411400	295813	115587
411500	295888	115612
411600	295970	115630
411700	296043	115657
411800	296116	115684
411900	296190	115710
412000	296265	115735
412100	296341	115759
412200	296421	115779
412300	296491	115809
412400	296568	115832
412500	296645	115855
412600	296722	115878
412700	296795	115905
412800	296870	115930
412900	296941	115959
413000	297011	115989
413100	297088	116012
413200	297164	116036
413300	297228	116072
413400	297297	116103
413500	297360	116140
413600	297430	116170
413700	297504	116196
413800	297575	116225
413900	297647	116253
414000	297709	116291
414100	297786	116314
414200	297856	116344
414300	297923	116377
414400	298003	116397
414500	298069	116431
414600	298141	116459
414700	298219	116481
414800	298283	116517
414900	298358	116542
415000	298430	116570
415100	298508	116592
415200	298582	116618
415300	298651	116649
415400	298726	116674
415500	298792	116708
415600	298866	116734
415700	298936	116764
415800	299006	116794
415900	299082	116818
416000	299147	116853
416100	299222	116878
416200	299294	116906
416300	299367	116933
416400	299436	116964
416500	299510	116990
416600	299581	117019
416700	299650	117050
416800	299722	117078
416900	299796	117104
417000	299871	117129
417100	299944	117156
417200	300021	117179
417300	300076	117224
417400	300147	117253
417500	300219	117281
417600	300300	117300
417700	300377	117323
417800	300449	117351
417900	300519	117381
418000	300591	117409
418100	300668	117432
418200	300741	117459
418300	300807	117493
418400	300880	117520
418500	300942	117558
418600	301011	117589
418700	301074	117626
418800	301148	117652
418900	301223	117677
419000	301295	117705
419100	301372	117728
419200	301442	117758
419300	301506	117794
419400	301576	117824
419500	301650	117850
419600	301720	117880
419700	301791	117909
419800	301875	117925
419900	301949	117951
420000	302017	117983
420100	302091	118009
420200	302164	118036
420300	302239	118061
420400	302315	118085
420500	302396	118104
420600	302472	118128
420700	302544	118156
420800	302614	118186
420900	302690	118210
421000	302766	118234
421100	302831	118269
421200	302907	118293
421300	302986	118314
421400	303055	118345
421500	303134	118366
421600	303208	118392
421700	303285	118415
421800	303359	118441
421900	303429	118471
422000	303497	118503
422100	303578	118522
422200	303644	118556
422300	303715	118585
422400	303786	118614
422500	303858	118642
422600	303925	118675
422700	303990	118710
422800	304063	118737
422900	304133	118767
423000	304206	118794
423100	304279	118821
423200	304349	118851
423300	304423	118877
423400	304501	118899
423500	304574	118926
423600	304649	118951
423700	304719	118981
423800	304791	119009
423900	304862	119038
424000	304932	119068
424100	305006	119094
424200	305078	119122
424300	305150	119150
424400	305222	119178
424500	305295	119205
424600	305357	119243
424700	305425	119275
424800	305490	119310
424900	305559	119341
425000	305627	119373
425100	305705	119395
425200	305772	119428
425300	305847	119453
425400	305911	119489
425500	305983	119517
425600	306049	119551
425700	306126	119574
425800	306201	119599
425900	306269	119631
426000	306343	119657
426100	306418	119682
426200	306486	119714
426300	306564	119736
426400	306641	119759
426500	306713	119787
426600	306788	119812
426700	306862	119838
426800	306921	119879
426900	306989	119911
427000	307060	119940
427100	307143	119957
427200	307218	119982
427300	307286	120014
427400	307352	120048
427500	307417	120083
427600	307483	120117
427700	307549	120151
427800	307623	120177
427900	307694	120206
428000	307763	120237
428100	307835	120265
428200	307913	120287
428300	307981	120319
428400	308051	120349
428500	308118	120382
428600	308185	120415
428700	308254	120446
428800	308320	120480
428900	308392	120508
429000	308467	120533
429100	308542	120558
429200	308609	120591
429300	308679	120621
429400	308753	120647
429500	308827	120673
429600	308894	120706
429700	308974	120726
429800	309042	120758
429900	309119	120781
430000	309198	120802
430100	309277	120823
430200	309352	120848
430300	309432	120868
430400	309512	120888
430500	309580	120920
430600	309654	120946
430700	309726	120974
430800	309799	121001
430900	309870	121030
431000	309943	121057
431100	310013	121087
431200	310088	121112
431300	310152	121148
431400	310218	121182
431500	310290	121210
431600	310363	121237
431700	310432	121268
431800	310504	121296
431900	310573	121327
432000	310644	121356
432100	310708	121392
432200	310779	121421
432300	310847	121453
432400	310919	121481
432500	310992	121508
432600	311064	121536
432700	311131	121569
432800	311206	121594
432900	311275	121625
433000	311339	121661
433100	311417	121683
433200	311495	121705
433300	311573	121727
433400	311652	121748
433500	311724	121776
433600	311792	121808
433700	311864	121836
433800	311930	121870
433900	311996	121904
434000	312068	121932
434100	312137	121963
434200	312209	121991
434300	312280	122020
434400	312346	122054
434500	312416	122084
434600	312485	122115
434700	312557	122143
434800	312630	122170
434900	312705	122195
435000	312776	122224
435100	312853	122247
435200	312931	122269
435300	312995	122305
435400	313067	122333
435500	313142	122358
435600	313212	122388
435700	313284	122416
435800	313362	122438
435900	313432	122468
436000	313500	122500
436100	313576	122524
436200	313637	122563
436300	313704	122596
436400	313770	122630
436500	313841	122659
436600	313909	122691
436700	313980	122720
436800	314048	122752
436900	314120	122780
437000	314191	122809
437100	314256	122844
437200	314333	122867
437300	314402	122898
437400	314462	122938
437500	314536	122964
437600	314610	122990
437700	314685	123015
437800	314758	123042
437900	314834	123066
438000	314905	123095
438100	314972	123128
438200	315046	123154
438300	315117	123183
438400	315198	123202
438500	315273	123227
438600	315346	123254
438700	315421	123279
438800	315498	123302
438900	315568	123332
439000	315641	123359
439100	315711	123389
439200	315783	123417
439300	315845	123455
439400	315917	123483
439500	315992	123508
439600	316064	123536
439700	316140	123560
439800	316217	123583
439900	316291	123609
440000	316361	123639
440100	316433	123667
440200	316517	123683
440300	316594	123706
440400	316664	123736
440500	316733	123767
440600	316811	123789
440700	316880	123820
440800	316955	123845
440900	317026	123874
441000	317101	123899
441100	317182	123918
441200	317249	123951
441300	317328	123972
441400	317403	123997
441500	317480	124020
441600	317559	124041
441700	317627	124073
441800	317701	124099
441900	317771	124129
442000	317839	124161
442100	317913	124187
442200	317982	124218
442300	318050	124250
442400	318130	124270
442500	318190	124310
442600	318263	124337
442700	318336	124364
442800	318410	124390
442900	318482	124418
443000	318553	124447
443100	318630	124470
443200	318701	124499
443300	318771	124529
443400	318837	124563
443500	318908	124592
443600	318974	124626
443700	319035	124665
443800	319103	124697
443900	319167	124733
444000	319232	124768
444100	319298	124802
444200	319367	124833
444300	319437	124863
444400	319513	124887
444500	319584	124916
444600	319651	124949
444700	319719	124981
444800	319786	125014
444900	319853	125047
445000	319920	125080
445100	320003	125097
445200	320077	125123
445300	320148	125152
445400	320218	125182
445500	320279	125221
445600	320345	125255
